6

29
49 50 0.95 1.05
12 20 1.0 1.0
36 44 1.0 1.0
2 3 0.95 1.05
51 52 0.95 1.05
37 45 1.0 1.0
27 35 1.0 1.0
33 40 1.05 0.95
58 59 0.95 1.05
21 29 1.0 1.0
18 26 1.0 1.0
6 14 1.0 1.0
39 47 1.0 1.0
60 61 0.95 1.05
22 23 0.95 1.05
30 31 0.95 1.05
54 55 0.95 1.05
62 63 0.95 1.05
41 42 0.95 1.05
9 10 0.95 1.05
38 46 1.0 1.0
25 32 1.05 0.95
4 5 0.95 1.05
17 24 1.05 0.95
11 19 1.0 1.0
8 64 1.0 1.0
48 56 1.0 1.0
15 16 0.95 1.05
1 57 1.0 1.0

28
50 58 1.0 1.0
19 20 0.95 1.05
44 52 1.0 1.0
3 11 1.0 1.0
36 37 0.95 1.05
51 59 1.0 1.0
34 35 0.95 1.05
27 28 0.95 1.05
40 48 1.0 1.0
13 14 0.95 1.05
46 47 0.95 1.05
21 22 0.95 1.05
6 7 0.95 1.05
31 32 0.95 1.05
29 30 0.95 1.05
55 56 0.95 1.05
4 12 1.0 1.0
42 43 0.95 1.05
9 16 1.05 0.95
15 23 1.0 1.0
5 61 1.0 1.0
57 64 1.05 0.95
17 18 0.95 1.05
53 54 0.95 1.05
41 49 1.0 1.0
1 2 0.95 1.05
38 39 0.95 1.05
25 33 1.0 1.0

26
52 53 0.95 1.05
50 51 0.95 1.05
20 21 0.95 1.05
59 60 0.95 1.05
29 37 1.0 1.0
26 34 1.0 1.0
3 4 0.95 1.05
57 58 0.95 1.05
6 62 1.0 1.0
11 12 0.95 1.05
18 19 0.95 1.05
55 63 1.0 1.0
30 38 1.0 1.0
35 36 0.95 1.05
14 15 0.95 1.05
9 17 1.0 1.0
5 13 1.0 1.0
49 56 1.05 0.95
44 45 0.95 1.05
32 40 1.0 1.0
46 54 1.0 1.0
1 8 1.05 0.95
41 48 1.05 0.95
23 31 1.0 1.0
16 24 1.0 1.0
2 10 1.0 1.0

24
20 28 1.0 1.0
52 60 1.0 1.0
35 43 1.0 1.0
61 62 0.95 1.05
19 27 1.0 1.0
2 58 1.0 1.0
5 6 0.95 1.05
49 57 1.0 1.0
3 59 1.0 1.0
12 13 0.95 1.05
7 63 1.0 1.0
45 46 0.95 1.05
10 18 1.0 1.0
1 9 1.0 1.0
34 42 1.0 1.0
17 25 1.0 1.0
33 41 1.0 1.0
22 30 1.0 1.0
56 64 1.0 1.0
37 38 0.95 1.05
31 39 1.0 1.0
8 16 1.0 1.0
47 55 1.0 1.0
23 24 0.95 1.05

16
54 62 1.0 1.0
28 36 1.0 1.0
26 27 0.95 1.05
13 21 1.0 1.0
10 11 0.95 1.05
43 44 0.95 1.05
53 61 1.0 1.0
4 60 1.0 1.0
7 15 1.0 1.0
33 34 0.95 1.05
42 50 1.0 1.0
63 64 0.95 1.05
14 22 1.0 1.0
24 32 1.0 1.0
39 40 0.95 1.05
47 48 0.95 1.05

5
28 29 0.95 1.05
43 51 1.0 1.0
45 53 1.0 1.0
7 8 0.95 1.05
25 26 0.95 1.05
